Starting Dynare (version 5.4).
Calling Dynare with arguments: none
Starting preprocessing of the model file ...
Found 8 equation(s).
Evaluating expressions...done
Computing static model derivatives (order 1).
Computing dynamic model derivatives (order 2).
Processing outputs ...
done
Preprocessing completed.


STEADY-STATE RESULTS:

Y 		 1.32425
C 		 1.11867
I 		 0.205585
N 		 0.793699
K 		 3.42642
R 		 0.135269
W 		 1.0845
A 		 1

EIGENVALUES:
         Modulus             Real        Imaginary

           0.871            0.871                0
            0.95             0.95                0
           1.234            1.234                0
       3.242e+17        3.242e+17                0


There are 2 eigenvalue(s) larger than 1 in modulus 
for 2 forward-looking variable(s)

The rank condition is verified.


MODEL SUMMARY

  Number of variables:         8
  Number of stochastic shocks: 1
  Number of state variables:   2
  Number of jumpers:           2
  Number of static variables:  4


MATRIX OF COVARIANCE OF EXOGENOUS SHOCKS
Variables         eps
eps          0.000100

POLICY AND TRANSITION FUNCTIONS
                                   Y               C               I               N               K               R               W               A
Constant                    1.324236        1.118747        0.205489        0.793685        3.426325        0.135267        1.084503        1.000000
(correction)               -0.000015        0.000081       -0.000096       -0.000014       -0.000096       -0.000002        0.000007               0
K(-1)                       0.121330        0.190302       -0.068972       -0.012853        0.871028       -0.027085        0.116925               0
A(-1)                       1.344935        0.588726        0.756208        0.080126        0.756208        0.137382        0.991953        0.950000
eps                         1.415721        0.619712        0.796009        0.084343        0.796009        0.144612        1.044161        1.000000
K(-1),K(-1)                -0.013222       -0.008453       -0.004769        0.000988       -0.004769        0.006554       -0.010285               0
A(-1),K(-1)                 0.135846        0.065410        0.070437        0.010340        0.070437       -0.026218        0.101382               0
A(-1),A(-1)                -0.025225       -0.050860        0.025635       -0.068963        0.025635       -0.002577       -0.026568       -0.023750
eps,eps                     0.717166        0.269810        0.447357       -0.032022        0.447357        0.073257        0.520120        0.500000
K(-1),eps                   0.142996        0.068852        0.074144        0.010884        0.074144       -0.027598        0.106718               0
A(-1),eps                   1.362616        0.512638        0.849978       -0.060842        0.849978        0.139188        0.988228        0.950000


APPROXIMATED THEORETICAL MOMENTS
VARIABLE         MEAN  STD. DEV.   VARIANCE
Y              1.3258     0.0634     0.0040
C              1.1199     0.0499     0.0025
I              0.2058     0.0171     0.0003
N              0.7937     0.0015     0.0000
K              3.4308     0.1689     0.0285
R              0.1353     0.0027     0.0000
W              1.0857     0.0510     0.0026
A              1.0005     0.0320     0.0010



APPROXIMATED MATRIX OF CORRELATIONS
Variables          Y        C        I        N        K        R        W        A
Y             1.0000   0.9828   0.8421   0.4424   0.9477   0.1340   0.9993   0.9837
C             0.9828   1.0000   0.7280   0.2691   0.9903  -0.0514   0.9888   0.9336
I             0.8421   0.7280   1.0000   0.8562   0.6259   0.6473   0.8221   0.9253
N             0.4424   0.2691   0.8562   1.0000   0.1330   0.9480   0.4098   0.5964
K             0.9477   0.9903   0.6259   0.1330   1.0000  -0.1894   0.9586   0.8749
R             0.1340  -0.0514   0.6473   0.9480  -0.1894   1.0000   0.0981   0.3099
W             0.9993   0.9888   0.8221   0.4098   0.9586   0.0981   1.0000   0.9766
A             0.9837   0.9336   0.9253   0.5964   0.8749   0.3099   0.9766   1.0000



APPROXIMATED COEFFICIENTS OF AUTOCORRELATION
Order          1       2       3       4       5
Y         0.9746  0.9472  0.9185  0.8888  0.8585
C         0.9912  0.9775  0.9599  0.9391  0.9158
I         0.8848  0.7838  0.6952  0.6174  0.5490
N         0.8257  0.6761  0.5480  0.4385  0.3450
K         0.9965  0.9871  0.9730  0.9551  0.9341
R         0.8334  0.6902  0.5672  0.4618  0.3716
W         0.9786  0.9545  0.9285  0.9009  0.8723
A         0.9500  0.9025  0.8574  0.8145  0.7738
Total computing time : 0h00m08s
